50
cap_28326  0.00000000 0.00031354 0.00014809 0.00092999 0.00020078 0.00095585 0.00090425 0.00080810 0.00093254 0.00179909 0.00227704 0.00239638 0.00228452 0.00233716 0.00232601 0.00101948 0.00222207 0.00227295 0.00113366 0.00237161 0.00136040 0.00247144 0.00250250 0.00252400 0.00258777 0.00252336 0.00251650 0.00152279 0.00246203 0.00171153 0.00099921 0.00244540 0.00227937 0.00246370 0.00230014 0.00249956 0.00240518 0.00236562 0.00239535 0.00168612 0.00215122 0.00243357 0.00239742 0.00242981 0.00076398 0.00211179 0.00139484 0.01517550 0.01539564 0.01259579 
cap_28338  0.00031354 0.00000000 0.00020472 0.00027340 0.00036582 0.00091361 0.00087665 0.00080246 0.00089603 0.00186748 0.00236715 0.00247827 0.00237016 0.00245847 0.00245192 0.00103982 0.00231656 0.00242895 0.00119504 0.00247522 0.00132689 0.00260819 0.00262561 0.00264570 0.00273622 0.00263507 0.00257188 0.00158867 0.00254158 0.00180932 0.00099239 0.00257443 0.00237709 0.00260180 0.00239230 0.00260148 0.00249356 0.00246954 0.00249483 0.00166747 0.00218306 0.00249955 0.00243839 0.00248116 0.00078929 0.00211069 0.00137976 0.01549882 0.01572117 0.01281190 
cap_28339  0.00014809 0.00020472 0.00000000 0.00026920 0.00024758 0.00085009 0.00080614 0.00074709 0.00079774 0.00173069 0.00215670 0.00226720 0.00216644 0.00225027 0.00221116 0.00093712 0.00207911 0.00217554 0.00109078 0.00225586 0.00125597 0.00234061 0.00237632 0.00242026 0.00247889 0.00239519 0.00235066 0.00144992 0.00229637 0.00165244 0.00093537 0.00235994 0.00215022 0.00233637 0.00216447 0.00234903 0.00229287 0.00224367 0.00226375 0.00153630 0.00200804 0.00231154 0.00222256 0.00227405 0.00072352 0.00193094 0.00127636 0.01513417 0.01534015 0.01257427 
cap_28341  0.00092999 0.00027340 0.00026920 0.00000000 0.00026329 0.00098107 0.00096285 0.00099423 0.00091675 0.00167424 0.00220589 0.00225403 0.00210867 0.00225617 0.00227747 0.00094718 0.00211817 0.00225751 0.00114816 0.00228156 0.00125267 0.00239254 0.00242474 0.00248188 0.00248689 0.00247930 0.00240087 0.00139429 0.00235739 0.00172581 0.00091679 0.00237042 0.00215609 0.00239140 0.00216338 0.00240423 0.00225341 0.00225764 0.00228374 0.00146268 0.00192725 0.00232864 0.00227023 0.00224422 0.00072624 0.00189742 0.00120798 0.01285558 0.01292485 0.01104316 
cap_28342  0.00020078 0.00036582 0.00024758 0.00026329 0.00000000 0.00089268 0.00088581 0.00083015 0.00085028 0.00175479 0.00225223 0.00231831 0.00221566 0.00225204 0.00230929 0.00094689 0.00215830 0.00225227 0.00112081 0.00231001 0.00128238 0.00240766 0.00242502 0.00247184 0.00250575 0.00244397 0.00242562 0.00144878 0.00241882 0.00168968 0.00086472 0.00237208 0.00222940 0.00240671 0.00220636 0.00244196 0.00233637 0.00228113 0.00232150 0.00153194 0.00200224 0.00243114 0.00236535 0.00233761 0.00070808 0.00195348 0.00129245 0.01463170 0.01492452 0.01236247 
cap_29959  0.00095585 0.00091361 0.00085009 0.00098107 0.00089268 0.00000000 0.00073567 0.00047118 0.00086402 0.00178545 0.00224620 0.00229592 0.00219421 0.00227762 0.00227421 0.00097238 0.00219883 0.00225154 0.00119256 0.00229590 0.00130839 0.00239848 0.00245713 0.00247941 0.00248085 0.00248761 0.00246570 0.00138735 0.00234455 0.00168247 0.00094389 0.00235144 0.00221177 0.00241912 0.00223149 0.00244646 0.00240051 0.00231776 0.00235199 0.00162308 0.00207751 0.00242702 0.00234494 0.00235244 0.00077305 0.00202496 0.00134722 0.01477943 0.01505307 0.01231774 
cap_29965  0.00090425 0.00087665 0.00080614 0.00096285 0.00088581 0.00073567 0.00000000 0.00059935 0.00087772 0.00156089 0.00193760 0.00201596 0.00194054 0.00197944 0.00202127 0.00091250 0.00193132 0.00201198 0.00109979 0.00206039 0.00118390 0.00211268 0.00213265 0.00216703 0.00221180 0.00218222 0.00216625 0.00136995 0.00206535 0.00159971 0.00087183 0.00203663 0.00193783 0.00207685 0.00194896 0.00215734 0.00205821 0.00207834 0.00203100 0.00144685 0.00189894 0.00207397 0.00208163 0.00204786 0.00069451 0.00182314 0.00123876 0.01222574 0.01257626 0.01026770 
cap_29968  0.00080810 0.00080246 0.00074709 0.00099423 0.00083015 0.00047118 0.00059935 0.00000000 0.00075604 0.00167806 0.00216261 0.00227812 0.00216761 0.00223838 0.00220991 0.00091101 0.00210961 0.00221823 0.00116283 0.00227768 0.00122339 0.00237447 0.00244945 0.00240994 0.00246378 0.00246123 0.00240735 0.00145786 0.00231681 0.00166988 0.00094805 0.00229759 0.00216256 0.00242023 0.00216376 0.00239663 0.00232407 0.00225213 0.00221826 0.00159097 0.00206850 0.00229362 0.00221824 0.00228267 0.00075303 0.00203090 0.00135933 0.01534212 0.01543567 0.01254020 
cap_37769  0.00093254 0.00089603 0.00079774 0.00091675 0.00085028 0.00086402 0.00087772 0.00075604 0.00000000 0.00177625 0.00232971 0.00240952 0.00229889 0.00236531 0.00240562 0.00091002 0.00226635 0.00231752 0.00126227 0.00239085 0.00131121 0.00256318 0.00257544 0.00259955 0.00263864 0.00261148 0.00258263 0.00151552 0.00250138 0.00182450 0.00097251 0.00249983 0.00233232 0.00253796 0.00232085 0.00253531 0.00248043 0.00243655 0.00246878 0.00164787 0.00210152 0.00246928 0.00239992 0.00238567 0.00078321 0.00213238 0.00132658 0.01552692 0.01562124 0.01274028 
den_19648  0.00179909 0.00186748 0.00173069 0.00167424 0.00175479 0.00178545 0.00156089 0.00167806 0.00177625 0.00000000 0.00039875 0.00056441 0.00045672 0.00049718 0.00051378 0.00027694 0.00045852 0.00050949 0.00039731 0.00051196 0.00042121 0.00060461 0.00066296 0.00076672 0.00076712 0.00074488 0.00073539 0.00051215 0.00059646 0.00052502 0.00026898 0.00065620 0.00063563 0.00066629 0.00056430 0.00063827 0.00053617 0.00055322 0.00065366 0.00117077 0.00150727 0.00074016 0.00079964 0.00081960 0.00026922 0.00155481 0.00102108 0.00977021 0.00997347 0.00836988 
den_19656  0.00227704 0.00236715 0.00215670 0.00220589 0.00225223 0.00224620 0.00193760 0.00216261 0.00232971 0.00039875 0.00000000 0.00057848 0.00050073 0.00057994 0.00049532 0.00028693 0.00045559 0.00052524 0.00038191 0.00064852 0.00038954 0.00053679 0.00064868 0.00078828 0.00080666 0.00078777 0.00076176 0.00053604 0.00062085 0.00055892 0.00034214 0.00070494 0.00072416 0.00069012 0.00060290 0.00072002 0.00059455 0.00056199 0.00072642 0.00147203 0.00198871 0.00097873 0.00090795 0.00091420 0.00029621 0.00195044 0.00127268 0.01575004 0.01609218 0.01317772 
den_20186  0.00239638 0.00247827 0.00226720 0.00225403 0.00231831 0.00229592 0.00201596 0.00227812 0.00240952 0.00056441 0.00057848 0.00000000 0.00051280 0.00008543 0.00055170 0.00032329 0.00047859 0.00051857 0.00043807 0.00060683 0.00046635 0.00064884 0.00063683 0.00074354 0.00075106 0.00077126 0.00072100 0.00053725 0.00063860 0.00057889 0.00032321 0.00069444 0.00071541 0.00070472 0.00059034 0.00065503 0.00065174 0.00067162 0.00071341 0.00153481 0.00205151 0.00115858 0.00104395 0.00112587 0.00031933 0.00203340 0.00129739 0.01616939 0.01625940 0.01338644 
den_20187  0.00228452 0.00237016 0.00216644 0.00210867 0.00221566 0.00219421 0.00194054 0.00216761 0.00229889 0.00045672 0.00050073 0.00051280 0.00000000 0.00053041 0.00045096 0.00028311 0.00046608 0.00045752 0.00042096 0.00056816 0.00040974 0.00059127 0.00059682 0.00071576 0.00067399 0.00073685 0.00071049 0.00045186 0.00058226 0.00055926 0.00030633 0.00066836 0.00061264 0.00066617 0.00056302 0.00061828 0.00062382 0.00058135 0.00063773 0.00141498 0.00185427 0.00101377 0.00094328 0.00093461 0.00029851 0.00183120 0.00119789 0.01582941 0.01611160 0.01328244 
den_20188  0.00233716 0.00245847 0.00225027 0.00225617 0.00225204 0.00227762 0.00197944 0.00223838 0.00236531 0.00049718 0.00057994 0.00008543 0.00053041 0.00000000 0.00043462 0.00032511 0.00037542 0.00042335 0.00037327 0.00052124 0.00044044 0.00048512 0.00053159 0.00062873 0.00066446 0.00065785 0.00063341 0.00046228 0.00053494 0.00054134 0.00032316 0.00061450 0.00060642 0.00057471 0.00051499 0.00058371 0.00059428 0.00055755 0.00059903 0.00154264 0.00197131 0.00112311 0.00104080 0.00106819 0.00031710 0.00199059 0.00128179 0.01610725 0.01640834 0.01351050 
den_20191  0.00232601 0.00245192 0.00221116 0.00227747 0.00230929 0.00227421 0.00202127 0.00220991 0.00240562 0.00051378 0.00049532 0.00055170 0.00045096 0.00043462 0.00000000 0.00031886 0.00041128 0.00006126 0.00038197 0.00058277 0.00039288 0.00057391 0.00058691 0.00071103 0.00074279 0.00071182 0.00064620 0.00043870 0.00052591 0.00053129 0.00028084 0.00061830 0.00065109 0.00063297 0.00050642 0.00057301 0.00058412 0.00060894 0.00062486 0.00152029 0.00204351 0.00108127 0.00094605 0.00099820 0.00035547 0.00199529 0.00128613 0.01600582 0.01623111 0.01339763 
den_20201  0.00101948 0.00103982 0.00093712 0.00094718 0.00094689 0.00097238 0.00091250 0.00091101 0.00091002 0.00027694 0.00028693 0.00032329 0.00028311 0.00032511 0.00031886 0.00000000 0.00029143 0.00028925 0.00022968 0.00031053 0.00025263 0.00034639 0.00035940 0.00043191 0.00039105 0.00042325 0.00038073 0.00029691 0.00034661 0.00032427 0.00016918 0.00037650 0.00036823 0.00036369 0.00034640 0.00036126 0.00033191 0.00039945 0.00032507 0.00066612 0.00085300 0.00049464 0.00052533 0.00052546 0.00018610 0.00086029 0.00064268 0.00411604 0.00419294 0.00369849 
den_20222  0.00222207 0.00231656 0.00207911 0.00211817 0.00215830 0.00219883 0.00193132 0.00210961 0.00226635 0.00045852 0.00045559 0.00047859 0.00046608 0.00037542 0.00041128 0.00029143 0.00000000 0.00029476 0.00038133 0.00008940 0.00037790 0.00049978 0.00047407 0.00065742 0.00070934 0.00069203 0.00060986 0.00043685 0.00050480 0.00051383 0.00029777 0.00060310 0.00057572 0.00057181 0.00050261 0.00053216 0.00048815 0.00053356 0.00060328 0.00144125 0.00189865 0.00101784 0.00091873 0.00093769 0.00030052 0.00194091 0.00119195 0.01575315 0.01606446 0.01311354 
den_20224  0.00227295 0.00242895 0.00217554 0.00225751 0.00225227 0.00225154 0.00201198 0.00221823 0.00231752 0.00050949 0.00052524 0.00051857 0.00045752 0.00042335 0.00006126 0.00028925 0.00029476 0.00000000 0.00041032 0.00023877 0.00043327 0.00058676 0.00058053 0.00076488 0.00076017 0.00072918 0.00071769 0.00046467 0.00065263 0.00055013 0.00028929 0.00067004 0.00070358 0.00066493 0.00052547 0.00060238 0.00062256 0.00061533 0.00073834 0.00151903 0.00199681 0.00098703 0.00092094 0.00095800 0.00031271 0.00202780 0.00124134 0.01584799 0.01613958 0.01332577 
den_20225  0.00113366 0.00119504 0.00109078 0.00114816 0.00112081 0.00119256 0.00109979 0.00116283 0.00126227 0.00039731 0.00038191 0.00043807 0.00042096 0.00037327 0.00038197 0.00022968 0.00038133 0.00041032 0.00000000 0.00046535 0.00029706 0.00043522 0.00044851 0.00054349 0.00051526 0.00051905 0.00049792 0.00032424 0.00044652 0.00038330 0.00021930 0.00048772 0.00048123 0.00042662 0.00044648 0.00046781 0.00045711 0.00046538 0.00042876 0.00083211 0.00107004 0.00073661 0.00068281 0.00072203 0.00023614 0.00108966 0.00076069 0.00526168 0.00530901 0.00468542 
den_20229  0.00237161 0.00247522 0.00225586 0.00228156 0.00231001 0.00229590 0.00206039 0.00227768 0.00239085 0.00051196 0.00064852 0.00060683 0.00056816 0.00052124 0.00058277 0.00031053 0.00008940 0.00023877 0.00046535 0.00000000 0.00048916 0.00066898 0.00064302 0.00080916 0.00078949 0.00081402 0.00077781 0.00052566 0.00069823 0.00058933 0.00034408 0.00070470 0.00074262 0.00069780 0.00060959 0.00071867 0.00061195 0.00063684 0.00076247 0.00152781 0.00203981 0.00111000 0.00105580 0.00113084 0.00037922 0.00209692 0.00128000 0.01556378 0.01584753 0.01302491 
den_20335  0.00136040 0.00132689 0.00125597 0.00125267 0.00128238 0.00130839 0.00118390 0.00122339 0.00131121 0.00042121 0.00038954 0.00046635 0.00040974 0.00044044 0.00039288 0.00025263 0.00037790 0.00043327 0.00029706 0.00048916 0.00000000 0.00050068 0.00053318 0.00051981 0.00055683 0.00055415 0.00056193 0.00039370 0.00048363 0.00046484 0.00021309 0.00051207 0.00052763 0.00050896 0.00047080 0.00051553 0.00046639 0.00041675 0.00048639 0.00088027 0.00114018 0.00069667 0.00062540 0.00061886 0.00025712 0.00111356 0.00080065 0.00661830 0.00662093 0.00575350 
den_21084  0.00247144 0.00260819 0.00234061 0.00239254 0.00240766 0.00239848 0.00211268 0.00237447 0.00256318 0.00060461 0.00053679 0.00064884 0.00059127 0.00048512 0.00057391 0.00034639 0.00049978 0.00058676 0.00043522 0.00066898 0.00050068 0.00000000 0.00046151 0.00061057 0.00066256 0.00064247 0.00067312 0.00043067 0.00051559 0.00045700 0.00027447 0.00057040 0.00055840 0.00058542 0.00050513 0.00058098 0.00071007 0.00069373 0.00056915 0.00156961 0.00212393 0.00140547 0.00130283 0.00129021 0.00039225 0.00213555 0.00136625 0.01598594 0.01620765 0.01344008 
den_21112  0.00250250 0.00262561 0.00237632 0.00242474 0.00242502 0.00245713 0.00213265 0.00244945 0.00257544 0.00066296 0.00064868 0.00063683 0.00059682 0.00053159 0.00058691 0.00035940 0.00047407 0.00058053 0.00044851 0.00064302 0.00053318 0.00046151 0.00000000 0.00062629 0.00064753 0.00065354 0.00061583 0.00042867 0.00051672 0.00051850 0.00030600 0.00056190 0.00061763 0.00062024 0.00056878 0.00057760 0.00069488 0.00070654 0.00060795 0.00162788 0.00221314 0.00139762 0.00134724 0.00132197 0.00044790 0.00223337 0.00134561 0.01620998 0.01649838 0.01350497 
den_25696  0.00252400 0.00264570 0.00242026 0.00248188 0.00247184 0.00247941 0.00216703 0.00240994 0.00259955 0.00076672 0.00078828 0.00074354 0.00071576 0.00062873 0.00071103 0.00043191 0.00065742 0.00076488 0.00054349 0.00080916 0.00051981 0.00061057 0.00062629 0.00000000 0.00017986 0.00016774 0.00048330 0.00037485 0.00055963 0.00051959 0.00031023 0.00069296 0.00062384 0.00060644 0.00053861 0.00058722 0.00079026 0.00084314 0.00061876 0.00162938 0.00214608 0.00152937 0.00135904 0.00141674 0.00045256 0.00222846 0.00138659 0.01607255 0.01642905 0.01359881 
den_25702  0.00258777 0.00273622 0.00247889 0.00248689 0.00250575 0.00248085 0.00221180 0.00246378 0.00263864 0.00076712 0.00080666 0.00075106 0.00067399 0.00066446 0.00074279 0.00039105 0.00070934 0.00076017 0.00051526 0.00078949 0.00055683 0.00066256 0.00064753 0.00017986 0.00000000 0.00016362 0.00050805 0.00040267 0.00057688 0.00050622 0.00033760 0.00069071 0.00059461 0.00063873 0.00053367 0.00057202 0.00078767 0.00082324 0.00064774 0.00162248 0.00216492 0.00152385 0.00134504 0.00141608 0.00042829 0.00224642 0.00136460 0.01640585 0.01672817 0.01379024 
den_25703  0.00252336 0.00263507 0.00239519 0.00247930 0.00244397 0.00248761 0.00218222 0.00246123 0.00261148 0.00074488 0.00078777 0.00077126 0.00073685 0.00065785 0.00071182 0.00042325 0.00069203 0.00072918 0.00051905 0.00081402 0.00055415 0.00064247 0.00065354 0.00016774 0.00016362 0.00000000 0.00055263 0.00041265 0.00058739 0.00053227 0.00032093 0.00067038 0.00059593 0.00063829 0.00054396 0.00057189 0.00079553 0.00080168 0.00065424 0.00165038 0.00214025 0.00145904 0.00130497 0.00138827 0.00046052 0.00221229 0.00136639 0.01629361 0.01658657 0.01375851 
den_25716  0.00251650 0.00257188 0.00235066 0.00240087 0.00242562 0.00246570 0.00216625 0.00240735 0.00258263 0.00073539 0.00076176 0.00072100 0.00071049 0.00063341 0.00064620 0.00038073 0.00060986 0.00071769 0.00049792 0.00077781 0.00056193 0.00067312 0.00061583 0.00048330 0.00050805 0.00055263 0.00000000 0.00032664 0.00052002 0.00054236 0.00032287 0.00070519 0.00063897 0.00060862 0.00059742 0.00060397 0.00082350 0.00084161 0.00064462 0.00165735 0.00211130 0.00146802 0.00133216 0.00135041 0.00046780 0.00210110 0.00135169 0.01528436 0.01561295 0.01279329 
den_25743  0.00152279 0.00158867 0.00144992 0.00139429 0.00144878 0.00138735 0.00136995 0.00145786 0.00151552 0.00051215 0.00053604 0.00053725 0.00045186 0.00046228 0.00043870 0.00029691 0.00043685 0.00046467 0.00032424 0.00052566 0.00039370 0.00043067 0.00042867 0.00037485 0.00040267 0.00041265 0.00032664 0.00000000 0.00042216 0.00039269 0.00025669 0.00039243 0.00045973 0.00040284 0.00038166 0.00040915 0.00053978 0.00051804 0.00043973 0.00111804 0.00131871 0.00092735 0.00090430 0.00093324 0.00032876 0.00131321 0.00096105 0.00763102 0.00779043 0.00658718 
den_25817  0.00246203 0.00254158 0.00229637 0.00235739 0.00241882 0.00234455 0.00206535 0.00231681 0.00250138 0.00059646 0.00062085 0.00063860 0.00058226 0.00053494 0.00052591 0.00034661 0.00050480 0.00065263 0.00044652 0.00069823 0.00048363 0.00051559 0.00051672 0.00055963 0.00057688 0.00058739 0.00052002 0.00042216 0.00000000 0.00046406 0.00023459 0.00052713 0.00046463 0.00049376 0.00041371 0.00044330 0.00070947 0.00071154 0.00052141 0.00158715 0.00209757 0.00136659 0.00122903 0.00123315 0.00042246 0.00212800 0.00133656 0.01579403 0.01625664 0.01341542 
den_25828  0.00171153 0.00180932 0.00165244 0.00172581 0.00168968 0.00168247 0.00159971 0.00166988 0.00182450 0.00052502 0.00055892 0.00057889 0.00055926 0.00054134 0.00053129 0.00032427 0.00051383 0.00055013 0.00038330 0.00058933 0.00046484 0.00045700 0.00051850 0.00051959 0.00050622 0.00053227 0.00054236 0.00039269 0.00046406 0.00000000 0.00022091 0.00050804 0.00050126 0.00050641 0.00039536 0.00051547 0.00059019 0.00063277 0.00046840 0.00120192 0.00154805 0.00113153 0.00109932 0.00103805 0.00037614 0.00162739 0.00102217 0.00895547 0.00931864 0.00779387 
den_25846  0.00099921 0.00099239 0.00093537 0.00091679 0.00086472 0.00094389 0.00087183 0.00094805 0.00097251 0.00026898 0.00034214 0.00032321 0.00030633 0.00032316 0.00028084 0.00016918 0.00029777 0.00028929 0.00021930 0.00034408 0.00021309 0.00027447 0.00030600 0.00031023 0.00033760 0.00032093 0.00032287 0.00025669 0.00023459 0.00022091 0.00000000 0.00023659 0.00030852 0.00027202 0.00023465 0.00027001 0.00035531 0.00034820 0.00024293 0.00074671 0.00082326 0.00062193 0.00060409 0.00056711 0.00022608 0.00083446 0.00055822 0.00457079 0.00474596 0.00419811 
den_25885  0.00244540 0.00257443 0.00235994 0.00237042 0.00237208 0.00235144 0.00203663 0.00229759 0.00249983 0.00065620 0.00070494 0.00069444 0.00066836 0.00061450 0.00061830 0.00037650 0.00060310 0.00067004 0.00048772 0.00070470 0.00051207 0.00057040 0.00056190 0.00069296 0.00069071 0.00067038 0.00070519 0.00039243 0.00052713 0.00050804 0.00023659 0.00000000 0.00056860 0.00056601 0.00051873 0.00056844 0.00076554 0.00077351 0.00060562 0.00154994 0.00214968 0.00140432 0.00130933 0.00137896 0.00044784 0.00210776 0.00138193 0.01460898 0.01477369 0.01238624 
den_25898  0.00227937 0.00237709 0.00215022 0.00215609 0.00222940 0.00221177 0.00193783 0.00216256 0.00233232 0.00063563 0.00072416 0.00071541 0.00061264 0.00060642 0.00065109 0.00036823 0.00057572 0.00070358 0.00048123 0.00074262 0.00052763 0.00055840 0.00061763 0.00062384 0.00059461 0.00059593 0.00063897 0.00045973 0.00046463 0.00050126 0.00030852 0.00056860 0.00000000 0.00057759 0.00050027 0.00051799 0.00071291 0.00073150 0.00062569 0.00149836 0.00193492 0.00136734 0.00128689 0.00131919 0.00039668 0.00201292 0.00126369 0.01300239 0.01327678 0.01123567 
den_25903  0.00246370 0.00260180 0.00233637 0.00239140 0.00240671 0.00241912 0.00207685 0.00242023 0.00253796 0.00066629 0.00069012 0.00070472 0.00066617 0.00057471 0.00063297 0.00036369 0.00057181 0.00066493 0.00042662 0.00069780 0.00050896 0.00058542 0.00062024 0.00060644 0.00063873 0.00063829 0.00060862 0.00040284 0.00049376 0.00050641 0.00027202 0.00056601 0.00057759 0.00000000 0.00040938 0.00056752 0.00074296 0.00079675 0.00052984 0.00157701 0.00207640 0.00143905 0.00132937 0.00133903 0.00041536 0.00213491 0.00133469 0.01624768 0.01648766 0.01355176 
den_25908  0.00230014 0.00239230 0.00216447 0.00216338 0.00220636 0.00223149 0.00194896 0.00216376 0.00232085 0.00056430 0.00060290 0.00059034 0.00056302 0.00051499 0.00050642 0.00034640 0.00050261 0.00052547 0.00044648 0.00060959 0.00047080 0.00050513 0.00056878 0.00053861 0.00053367 0.00054396 0.00059742 0.00038166 0.00041371 0.00039536 0.00023465 0.00051873 0.00050027 0.00040938 0.00000000 0.00041158 0.00067514 0.00066803 0.00049049 0.00150694 0.00201441 0.00130971 0.00121111 0.00121779 0.00040281 0.00206642 0.00128434 0.01498749 0.01523975 0.01269916 
den_25939  0.00249956 0.00260148 0.00234903 0.00240423 0.00244196 0.00244646 0.00215734 0.00239663 0.00253531 0.00063827 0.00072002 0.00065503 0.00061828 0.00058371 0.00057301 0.00036126 0.00053216 0.00060238 0.00046781 0.00071867 0.00051553 0.00058098 0.00057760 0.00058722 0.00057202 0.00057189 0.00060397 0.00040915 0.00044330 0.00051547 0.00027001 0.00056844 0.00051799 0.00056752 0.00041158 0.00000000 0.00072832 0.00076628 0.00051507 0.00162545 0.00211675 0.00144201 0.00129476 0.00132538 0.00041792 0.00215723 0.00135099 0.01584191 0.01612488 0.01332083 
den_26573  0.00240518 0.00249356 0.00229287 0.00225341 0.00233637 0.00240051 0.00205821 0.00232407 0.00248043 0.00053617 0.00059455 0.00065174 0.00062382 0.00059428 0.00058412 0.00033191 0.00048815 0.00062256 0.00045711 0.00061195 0.00046639 0.00071007 0.00069488 0.00079026 0.00078767 0.00079553 0.00082350 0.00053978 0.00070947 0.00059019 0.00035531 0.00076554 0.00071291 0.00074296 0.00067514 0.00072832 0.00000000 0.00061379 0.00081894 0.00154389 0.00201541 0.00105819 0.00093482 0.00100983 0.00031091 0.00205039 0.00125132 0.01544678 0.01570305 0.01300121 
den_26579  0.00236562 0.00246954 0.00224367 0.00225764 0.00228113 0.00231776 0.00207834 0.00225213 0.00243655 0.00055322 0.00056199 0.00067162 0.00058135 0.00055755 0.00060894 0.00039945 0.00053356 0.00061533 0.00046538 0.00063684 0.00041675 0.00069373 0.00070654 0.00084314 0.00082324 0.00080168 0.00084161 0.00051804 0.00071154 0.00063277 0.00034820 0.00077351 0.00073150 0.00079675 0.00066803 0.00076628 0.00061379 0.00000000 0.00075712 0.00155439 0.00200965 0.00109230 0.00094345 0.00091778 0.00031077 0.00206142 0.00124131 0.01593132 0.01625418 0.01336715 
den_26961  0.00239535 0.00249483 0.00226375 0.00228374 0.00232150 0.00235199 0.00203100 0.00221826 0.00246878 0.00065366 0.00072642 0.00071341 0.00063773 0.00059903 0.00062486 0.00032507 0.00060328 0.00073834 0.00042876 0.00076247 0.00048639 0.00056915 0.00060795 0.00061876 0.00064774 0.00065424 0.00064462 0.00043973 0.00052141 0.00046840 0.00024293 0.00060562 0.00062569 0.00052984 0.00049049 0.00051507 0.00081894 0.00075712 0.00000000 0.00150280 0.00204146 0.00142126 0.00126762 0.00133397 0.00039397 0.00208757 0.00135458 0.01542764 0.01571862 0.01295335 
ni_14192   0.00168612 0.00166747 0.00153630 0.00146268 0.00153194 0.00162308 0.00144685 0.00159097 0.00164787 0.00117077 0.00147203 0.00153481 0.00141498 0.00154264 0.00152029 0.00066612 0.00144125 0.00151903 0.00083211 0.00152781 0.00088027 0.00156961 0.00162788 0.00162938 0.00162248 0.00165038 0.00165735 0.00111804 0.00158715 0.00120192 0.00074671 0.00154994 0.00149836 0.00157701 0.00150694 0.00162545 0.00154389 0.00155439 0.00150280 0.00000000 0.00059918 0.00156175 0.00150034 0.00158406 0.00052108 0.00061956 0.00040400 0.00890027 0.00913582 0.00756048 
ni_14199   0.00215122 0.00218306 0.00200804 0.00192725 0.00200224 0.00207751 0.00189894 0.00206850 0.00210152 0.00150727 0.00198871 0.00205151 0.00185427 0.00197131 0.00204351 0.00085300 0.00189865 0.00199681 0.00107004 0.00203981 0.00114018 0.00212393 0.00221314 0.00214608 0.00216492 0.00214025 0.00211130 0.00131871 0.00209757 0.00154805 0.00082326 0.00214968 0.00193492 0.00207640 0.00201441 0.00211675 0.00201541 0.00200965 0.00204146 0.00059918 0.00000000 0.00211155 0.00199214 0.00201864 0.00062480 0.00080487 0.00047241 0.01419146 0.01427191 0.01202017 
aff_18034  0.00243357 0.00249955 0.00231154 0.00232864 0.00243114 0.00242702 0.00207397 0.00229362 0.00246928 0.00074016 0.00097873 0.00115858 0.00101377 0.00112311 0.00108127 0.00049464 0.00101784 0.00098703 0.00073661 0.00111000 0.00069667 0.00140547 0.00139762 0.00152937 0.00152385 0.00145904 0.00146802 0.00092735 0.00136659 0.00113153 0.00062193 0.00140432 0.00136734 0.00143905 0.00130971 0.00144201 0.00105819 0.00109230 0.00142126 0.00156175 0.00211155 0.00000000 0.00055850 0.00055316 0.00031525 0.00206587 0.00128647 0.01550980 0.01571906 0.01296797 
aff_18040  0.00239742 0.00243839 0.00222256 0.00227023 0.00236535 0.00234494 0.00208163 0.00221824 0.00239992 0.00079964 0.00090795 0.00104395 0.00094328 0.00104080 0.00094605 0.00052533 0.00091873 0.00092094 0.00068281 0.00105580 0.00062540 0.00130283 0.00134724 0.00135904 0.00134504 0.00130497 0.00133216 0.00090430 0.00122903 0.00109932 0.00060409 0.00130933 0.00128689 0.00132937 0.00121111 0.00129476 0.00093482 0.00094345 0.00126762 0.00150034 0.00199214 0.00055850 0.00000000 0.00047148 0.00025144 0.00194126 0.00126297 0.01632451 0.01657088 0.01348121 
aff_18083  0.00242981 0.00248116 0.00227405 0.00224422 0.00233761 0.00235244 0.00204786 0.00228267 0.00238567 0.00081960 0.00091420 0.00112587 0.00093461 0.00106819 0.00099820 0.00052546 0.00093769 0.00095800 0.00072203 0.00113084 0.00061886 0.00129021 0.00132197 0.00141674 0.00141608 0.00138827 0.00135041 0.00093324 0.00123315 0.00103805 0.00056711 0.00137896 0.00131919 0.00133903 0.00121779 0.00132538 0.00100983 0.00091778 0.00133397 0.00158406 0.00201864 0.00055316 0.00047148 0.00000000 0.00031720 0.00202530 0.00122832 0.01604138 0.01646196 0.01348503 
aff_25550  0.00076398 0.00078929 0.00072352 0.00072624 0.00070808 0.00077305 0.00069451 0.00075303 0.00078321 0.00026922 0.00029621 0.00031933 0.00029851 0.00031710 0.00035547 0.00018610 0.00030052 0.00031271 0.00023614 0.00037922 0.00025712 0.00039225 0.00044790 0.00045256 0.00042829 0.00046052 0.00046780 0.00032876 0.00042246 0.00037614 0.00022608 0.00044784 0.00039668 0.00041536 0.00040281 0.00041792 0.00031091 0.00031077 0.00039397 0.00052108 0.00062480 0.00031525 0.00025144 0.00031720 0.00000000 0.00063249 0.00044955 0.00363417 0.00368492 0.00326670 
ni_33030   0.00211179 0.00211069 0.00193094 0.00189742 0.00195348 0.00202496 0.00182314 0.00203090 0.00213238 0.00155481 0.00195044 0.00203340 0.00183120 0.00199059 0.00199529 0.00086029 0.00194091 0.00202780 0.00108966 0.00209692 0.00111356 0.00213555 0.00223337 0.00222846 0.00224642 0.00221229 0.00210110 0.00131321 0.00212800 0.00162739 0.00083446 0.00210776 0.00201292 0.00213491 0.00206642 0.00215723 0.00205039 0.00206142 0.00208757 0.00061956 0.00080487 0.00206587 0.00194126 0.00202530 0.00063249 0.00000000 0.00053165 0.01222737 0.01238084 0.01067514 
ni_33060   0.00139484 0.00137976 0.00127636 0.00120798 0.00129245 0.00134722 0.00123876 0.00135933 0.00132658 0.00102108 0.00127268 0.00129739 0.00119789 0.00128179 0.00128613 0.00064268 0.00119195 0.00124134 0.00076069 0.00128000 0.00080065 0.00136625 0.00134561 0.00138659 0.00136460 0.00136639 0.00135169 0.00096105 0.00133656 0.00102217 0.00055822 0.00138193 0.00126369 0.00133469 0.00128434 0.00135099 0.00125132 0.00124131 0.00135458 0.00040400 0.00047241 0.00128647 0.00126297 0.00122832 0.00044955 0.00053165 0.00000000 0.00632289 0.00632847 0.00562544 
pla_19056  0.01517550 0.01549882 0.01513417 0.01285558 0.01463170 0.01477943 0.01222574 0.01534212 0.01552692 0.00977021 0.01575004 0.01616939 0.01582941 0.01610725 0.01600582 0.00411604 0.01575315 0.01584799 0.00526168 0.01556378 0.00661830 0.01598594 0.01620998 0.01607255 0.01640585 0.01629361 0.01528436 0.00763102 0.01579403 0.00895547 0.00457079 0.01460898 0.01300239 0.01624768 0.01498749 0.01584191 0.01544678 0.01593132 0.01542764 0.00890027 0.01419146 0.01550980 0.01632451 0.01604138 0.00363417 0.01222737 0.00632289 0.00000000 0.00056291 0.00054915 
pla_28305  0.01539564 0.01572117 0.01534015 0.01292485 0.01492452 0.01505307 0.01257626 0.01543567 0.01562124 0.00997347 0.01609218 0.01625940 0.01611160 0.01640834 0.01623111 0.00419294 0.01606446 0.01613958 0.00530901 0.01584753 0.00662093 0.01620765 0.01649838 0.01642905 0.01672817 0.01658657 0.01561295 0.00779043 0.01625664 0.00931864 0.00474596 0.01477369 0.01327678 0.01648766 0.01523975 0.01612488 0.01570305 0.01625418 0.01571862 0.00913582 0.01427191 0.01571906 0.01657088 0.01646196 0.00368492 0.01238084 0.00632847 0.00056291 0.00000000 0.00053199 
pla_28350  0.01259579 0.01281190 0.01257427 0.01104316 0.01236247 0.01231774 0.01026770 0.01254020 0.01274028 0.00836988 0.01317772 0.01338644 0.01328244 0.01351050 0.01339763 0.00369849 0.01311354 0.01332577 0.00468542 0.01302491 0.00575350 0.01344008 0.01350497 0.01359881 0.01379024 0.01375851 0.01279329 0.00658718 0.01341542 0.00779387 0.00419811 0.01238624 0.01123567 0.01355176 0.01269916 0.01332083 0.01300121 0.01336715 0.01295335 0.00756048 0.01202017 0.01296797 0.01348121 0.01348503 0.00326670 0.01067514 0.00562544 0.00054915 0.00053199 0.00000000 
